每幅图像的标定误差：
第1幅图像的平均误差：0.101095像素
第2幅图像的平均误差：0.0889965像素
第3幅图像的平均误差：0.0989907像素
第4幅图像的平均误差：0.10461像素
第5幅图像的平均误差：0.0827012像素
第6幅图像的平均误差：0.0946835像素
第7幅图像的平均误差：0.115772像素
第8幅图像的平均误差：0.106892像素
第9幅图像的平均误差：0.099349像素
第10幅图像的平均误差：0.0861475像素
第11幅图像的平均误差：0.102385像素
第12幅图像的平均误差：0.139517像素
第13幅图像的平均误差：0.112669像素
第14幅图像的平均误差：0.106827像素
第15幅图像的平均误差：0.0845572像素
第16幅图像的平均误差：0.103746像素
第17幅图像的平均误差：0.103183像素
第18幅图像的平均误差：0.0838899像素
第19幅图像的平均误差：0.117952像素
第20幅图像的平均误差：0.0959204像素
第21幅图像的平均误差：0.111033像素
第22幅图像的平均误差：0.0986292像素
第23幅图像的平均误差：0.106537像素
第24幅图像的平均误差：0.104609像素
第25幅图像的平均误差：0.113599像素
第26幅图像的平均误差：0.0874358像素
第27幅图像的平均误差：0.105379像素
第28幅图像的平均误差：0.0931042像素
第29幅图像的平均误差：0.0980932像素
第30幅图像的平均误差：0.0808914像素
总体平均误差：0.100973像素

相机内参数矩阵：
[332.9940853075179, 0, 132.1316529191423;
 0, 312.6317086084869, 181.8092030975754;
 0, 0, 1]

畸变系数：
[-0.412050920679748, -0.1059357739570653, -0.0008283295005213291, 0.002197508171154389, 0.7053427088558183]


第1幅图像的旋转向量：
[-10.88369268101622;
 -5.972046119574148;
 121.3104026835108]
第1幅图像的旋转矩阵：
[-0.8228461768159834, -0.5355921256889813, -0.1899085153416716;
 0.5516553267401523, -0.8330762225854843, -0.04074810231061722;
 -0.1363839058633217, -0.138293464280345, 0.9809558338471747]
第1幅图像的平移向量：
[-2.278067142317254;
 -1.883206008010262;
 -0.231833976665893]

第2幅图像的旋转向量：
[-5.728946347751346;
 -6.549335502548126;
 120.9318495840817]
第2幅图像的旋转矩阵：
[-0.2861152439975599, -0.9515725599537045, -0.1124621282715646;
 0.9581526003579085, -0.2852319931149501, -0.02421372608771361;
 -0.009036679677544131, -0.1146837967928606, 0.9933609440548681]
第2幅图像的平移向量：
[-2.034236072034993;
 -2.239201205015377;
 0.2696034218127611]

第3幅图像的旋转向量：
[-13.11534412366101;
 -2.385945136285016;
 101.8051876412842]
第3幅图像的旋转矩阵：
[-0.5165679598221127, -0.8288653257678663, -0.2148018031231321;
 0.8380181204693605, -0.5408915007504183, 0.07184715847520073;
 -0.1757360880702095, -0.1428938632541263, 0.9740113814499756]
第3幅图像的平移向量：
[-2.239892009896886;
 -2.298090228518271;
 0.2759901654105609]

第4幅图像的旋转向量：
[-9.805979823695594;
 -3.488341189225863;
 105.5621173090606]
第4幅图像的旋转矩阵：
[0.7405807986493643, 0.671964655052278, -0.001892889944749131;
 -0.6703737220527382, 0.738627660848682, -0.07091016436564249;
 -0.04625098326552525, 0.05378364983596289, 0.9974809098711086]
第4幅图像的平移向量：
[-2.254463410732416;
 -2.17687077062389;
 0.2715247608785082]

第5幅图像的旋转向量：
[-6.874279022903901;
 -11.45998857564207;
 109.8536607176398]
第5幅图像的旋转矩阵：
[-0.7530207483183401, 0.656706258586782, -0.04119032089020142;
 -0.6340651059559783, -0.74093906894479, -0.2212933291363789;
 -0.1758442322372877, -0.1405211231245265, 0.974337015587882]
第5幅图像的平移向量：
[-2.206868656525684;
 -2.179764042196262;
 0.5776944233172565]

第6幅图像的旋转向量：
[-8.477132303445261;
 -13.30847394442061;
 106.2908077452621]
第6幅图像的旋转矩阵：
[0.8024465596200621, -0.5899552976206401, -0.08962290869676209;
 0.593839883677268, 0.8042586294529559, 0.02285277892558403;
 0.05859787972354366, -0.07155979150189638, 0.9957135555630998]
第6幅图像的平移向量：
[-2.075160487947563;
 -1.935375852589995;
 0.08933036439588242]

第7幅图像的旋转向量：
[-10.60666400958012;
 -13.74284897097043;
 96.66970003018929]
第7幅图像的旋转矩阵：
[-0.6577409120274165, 0.7494667906964952, -0.07534203533511913;
 -0.6987756819702841, -0.6444627441172212, -0.3104517961485581;
 -0.2812284461648699, -0.1515496654169751, 0.9475986808663764]
第7幅图像的平移向量：
[-2.072452947865077;
 -1.899206121230786;
 0.003014865282023673]

第8幅图像的旋转向量：
[-11.1492822797547;
 -13.48313920918349;
 93.88250182224989]
第8幅图像的旋转矩阵：
[0.3236753095813449, -0.9219446673441313, -0.21272593711896;
 0.9445487703447756, 0.3279974680789646, 0.01566146142481196;
 0.05533456792632274, -0.2059992507013261, 0.9769863838881785]
第8幅图像的平移向量：
[-2.140538437009926;
 -2.008895156774609;
 0.2311732445673338]

第9幅图像的旋转向量：
[-11.29952292733927;
 -10.03676364501723;
 91.97139216325573]
第9幅图像的旋转矩阵：
[0.5110260435986709, 0.8589060491355268, 0.03365681984812801;
 -0.8459485117037181, 0.5094869037684903, -0.1574617745189658;
 -0.1523925795770707, 0.05199513099124904, 0.9869513706576678]
第9幅图像的平移向量：
[-2.27881201183079;
 -2.185048260839019;
 0.2977126216410367]

第10幅图像的旋转向量：
[-11.09565383187148;
 -11.45573144736406;
 90.89009146849882]
第10幅图像的旋转矩阵：
[-0.3677834255284031, 0.9285695427050208, -0.04993952610089858;
 -0.8871366714722883, -0.3664599721092374, -0.2805273872026871;
 -0.2787900249931172, -0.05887013845988233, 0.9585459972072552]
第10幅图像的平移向量：
[-2.263541662153272;
 -2.185908929551704;
 0.2675720402739288]

第11幅图像的旋转向量：
[-13.00433172932268;
 -12.02414473920014;
 78.19425343349739]
第11幅图像的旋转矩阵：
[0.0889789660827438, 0.9960321344660311, 0.001652484761855005;
 -0.9505122509449483, 0.0854081107193012, -0.2987171160595377;
 -0.2976729823118208, 0.02500883312755356, 0.9543402715316927]
第11幅图像的平移向量：
[-2.172128927675711;
 -2.005821739208949;
 -0.07641027626157937]

第12幅图像的旋转向量：
[-15.04439911897448;
 -14.74781873271165;
 68.44691361650838]
第12幅图像的旋转矩阵：
[-0.7220520179089885, -0.4935301903707948, -0.4848389780392298;
 0.6494004408242923, -0.7251556902189567, -0.22897225246803;
 -0.2385790244149148, -0.4801845230071826, 0.8440988526076741]
第12幅图像的平移向量：
[-2.037945310296725;
 -1.881822014550483;
 -0.3443118072502737]

第13幅图像的旋转向量：
[-15.14818105776316;
 -15.97714311385629;
 63.7028254407419]
第13幅图像的旋转矩阵：
[-0.08578468833030933, 0.9962789640780055, -0.008319434099021056;
 -0.8744300296139104, -0.07928966578651739, -0.4786285325896046;
 -0.4775071837757915, -0.03378423648861459, 0.877978083329757]
第13幅图像的平移向量：
[-1.92314169854025;
 -1.760195476337394;
 -0.4953599948280749]

第14幅图像的旋转向量：
[-7.95678721688711;
 -26.36788622823958;
 58.95472237290947]
第14幅图像的旋转矩阵：
[-0.5954754089821899, -0.6308188545994156, -0.4974702101426527;
 0.7913283834465881, -0.3537379839570899, -0.4986670515060956;
 0.1385944690429712, -0.6906062636465549, 0.7098271351271673]
第14幅图像的平移向量：
[-1.903138957822464;
 -1.883204016902987;
 -0.5563872821697882]

第15幅图像的旋转向量：
[-6.119306879038978;
 -30.10733943736359;
 69.58444706863725]
第15幅图像的旋转矩阵：
[0.7871698551448876, -0.5589852841704134, -0.2605745022677757;
 0.5726275718916635, 0.8193438773717803, -0.02780781406070667;
 0.2290442818771832, -0.1273226715644127, 0.9650531872622701]
第15幅图像的平移向量：
[-2.082956949507623;
 -1.990267270345583;
 -0.2456372984556331]

第16幅图像的旋转向量：
[-6.114100227782703;
 -30.05258178143525;
 69.82199886666588]
第16幅图像的旋转矩阵：
[0.6530174144829279, -0.6841359645575427, -0.3248480235140006;
 0.7062035209502304, 0.7050068587089917, -0.06512999440179031;
 0.2735778561571264, -0.1868777974297657, 0.9435209830460953]
第16幅图像的平移向量：
[-2.084989958108851;
 -1.996495309778041;
 -0.2526681589831467]

第17幅图像的旋转向量：
[-5.68992993280901;
 -29.79227378099398;
 68.70308595017144]
第17幅图像的旋转矩阵：
[0.9562277761992126, 0.269774224859326, 0.1133591973624486;
 -0.2671278284435919, 0.9629032823146682, -0.03820984400189902;
 -0.1194619742684661, 0.006255917933315296, 0.9928190671994026]
第17幅图像的平移向量：
[-2.140996610009349;
 -2.046673566191614;
 -0.1681219221660558]

第18幅图像的旋转向量：
[-4.814346920990368;
 -29.6515167438287;
 68.33232322207563]
第18幅图像的旋转矩阵：
[0.7297946388157491, 0.633912345139318, 0.2560369579489657;
 -0.6200086195469803, 0.7714823612969497, -0.1428435434142216;
 -0.2880782824914752, -0.05449866867780286, 0.9560548092390461]
第18幅图像的平移向量：
[2.325802079021582;
 2.275403786581549;
 0.08984408625578499]

第19幅图像的旋转向量：
[-2.5739516347286;
 -26.6529217276994;
 95.96682522776266]
第19幅图像的旋转矩阵：
[0.623063262029838, 0.7561936841014366, 0.1999081880109825;
 -0.7509801577960732, 0.6498041997542565, -0.1174023193055197;
 -0.2186800724924941, -0.07697801054084892, 0.9727555765904663]
第19幅图像的平移向量：
[-1.517612304440466;
 -2.621167167954899;
 0.3922401824732723]

第20幅图像的旋转向量：
[-1.899769927443817;
 -25.18580991494445;
 97.03198074668578]
第20幅图像的旋转矩阵：
[0.9649425790019736, 0.25420892156354, 0.06529658051170889;
 -0.2538750948204766, 0.967142808464673, -0.01349904681667848;
 -0.06658269639263734, -0.003551370519508848, 0.997774589929268]
第20幅图像的平移向量：
[-1.521669118407595;
 -2.623731592361922;
 0.3522371046241276]

第21幅图像的旋转向量：
[-0.325765408502602;
 -22.93550982533066;
 105.67290745116]
第21幅图像的旋转矩阵：
[0.2485734723809611, -0.9460915207541912, -0.2076585254341689;
 0.9470518304768664, 0.2823719499527236, -0.1528362269565478;
 0.2032340011388065, -0.1586723549863629, 0.9661878826316304]
第21幅图像的平移向量：
[-1.509538806769223;
 -2.634278165406086;
 0.323957719073022]

第22幅图像的旋转向量：
[5.032886991273514;
 -20.21963925008237;
 112.8963295608503]
第22幅图像的旋转矩阵：
[-0.1323490562344691, -0.9832116781244736, -0.1256125921773045;
 0.9656918694364421, -0.09933654807273737, -0.2399405416375949;
 0.2234344212922329, -0.1530589632025816, 0.9626266218867808]
第22幅图像的平移向量：
[-1.248600236671976;
 -2.719217646870827;
 0.2927482054382911]

第23幅图像的旋转向量：
[4.632663014625629;
 -35.78059600032192;
 95.74124441023854]
第23幅图像的旋转矩阵：
[-0.2078994390300683, -0.9339847118537921, -0.2906034777396377;
 0.8956526169579258, -0.0623510562342654, -0.4403620505026411;
 0.393171989067637, -0.3518307886042106, 0.849488600984579]
第23幅图像的平移向量：
[-1.32780458292114;
 -2.508623120423221;
 0.156808436950549]

第24幅图像的旋转向量：
[3.602830012956537;
 -37.10676695393313;
 97.73297671155055]
第24幅图像的旋转矩阵：
[-0.5961977809973399, 0.729270169366674, 0.3357279047171242;
 -0.768322521176075, -0.3969869467595847, -0.5020775513365862;
 -0.2328705850627933, -0.5572848321768725, 0.7969974318892796]
第24幅图像的平移向量：
[-1.171205260188747;
 -2.476892277288929;
 0.05457165667380737]

第25幅图像的旋转向量：
[-21.85185732166131;
 11.17507406589847;
 119.9330053456389]
第25幅图像的旋转矩阵：
[-0.931091726093116, -0.1337403183734114, -0.3393843320519093;
 0.06873634106340921, -0.9780248885170536, 0.196831483402477;
 -0.3582506287756614, 0.1599401284311835, 0.9198237017490146]
第25幅图像的平移向量：
[2.749239934601305;
 1.035577450430075;
 -0.1837452868509032]

第26幅图像的旋转向量：
[-20.30586639825378;
 7.28072900148603;
 113.9654523979495]
第26幅图像的旋转矩阵：
[-0.9085993537829081, -0.2646010141074766, -0.3231617515093281;
 0.2213271354494377, -0.9611865304839405, 0.1647262964131441;
 -0.3542054677994511, 0.07814574172365191, 0.9318968449519683]
第26幅图像的平移向量：
[2.673901026896553;
 1.077441439468648;
 -0.2076908429481622]

第27幅图像的旋转向量：
[-20.75582045322458;
 -26.27061816455935;
 78.3760140109795]
第27幅图像的旋转矩阵：
[-0.8054202123997526, 0.5061015870547029, -0.3084792781349319;
 -0.2179569297873224, -0.7368963151376819, -0.6399051472633976;
 -0.5511742539484422, -0.4481573432592814, 0.7038195347297216]
第27幅图像的平移向量：
[-2.157021793304901;
 -2.056023455578045;
 0.2013240378246209]

第28幅图像的旋转向量：
[-5.355786959161671;
 -18.61664055666897;
 91.10921991529202]
第28幅图像的旋转矩阵：
[0.4537084837593768, 0.8788639646579369, 0.1474677706839697;
 -0.8662663003335348, 0.4737910368527258, -0.1584447862962649;
 -0.2091203210384329, -0.05585861637877971, 0.9762932481099269]
第28幅图像的平移向量：
[2.128606773759601;
 2.159132300845324;
 -0.3135421330181277]

第29幅图像的旋转向量：
[-15.89575660987453;
 -20.65489421918258;
 87.88269089077501]
第29幅图像的旋转矩阵：
[-0.7917705342492217, 0.5813436517266272, -0.1874539401875887;
 -0.4369794936663062, -0.7535278309422337, -0.4911667029742866;
 -0.4267884056647283, -0.3069777949504531, 0.8506563878544128]
第29幅图像的平移向量：
[-2.188578978788573;
 -2.122866028012081;
 0.3420424856503034]

第30幅图像的旋转向量：
[-14.96691089877628;
 -20.95066664988064;
 86.15392365343814]
第30幅图像的旋转矩阵：
[-0.3362499803240288, -0.8351702926315494, -0.4352315855240999;
 0.9417675991934058, -0.2997185134001339, -0.1524552453499117;
 -0.003120871925966023, -0.461150078641374, 0.8873166656428106]
第30幅图像的平移向量：
[-2.203052483957051;
 -2.118038309776528;
 0.3471530078413718]


